sample	read_num	uniq_num	unmap	rRNA	spikein	univec	pri_miRNA	lncRNA	mRNA	piRNA	snoRNA	snRNA	srpRNA	tRNA	tucpRNA	Y_RNA	intron_for	intron_rev	promoter_for	promoter_rev	enhancer_for	enhancer_rev	repeats_for	repeats_rev	passQC
SRR6700252	5711568	233034	0.955795851506977	0.000154948693598676	6.12791443610581e-06	0.000389210108327521	0.00170776221170789	0.00101635838004555	0.000549761466553493	5.86528953170128e-05	1.05049961761814e-06	7.00333078412093e-07	1.22558288722116e-05	6.0578811282646e-05	0.000733423816367064	0.000286436229070546	0.00121875463970664	0.00312768752818841	0.0153765130696159	0.000740427147151185	0.00256882173161556	0.0136813568533194	0.00138158208043746	0.00113173825471394	FALSE
SRR6700253	5e+06	151317	0.9685456	0.0001258	4e-07	0.0004296	0.0022416	0.0002024	0.0002412	0.0001102	8e-07	4e-07	2.6e-06	4.26e-05	0.0003066	0.0002724	0.0002574	0.002022	0.0147812	0.0001764	0.0012246	0.0085864	0.0002768	0.000153	FALSE
SRR6700265	5194756	252603	0.949934703381641	0.000192309321169271	2.69502552189169e-06	0.00012243115942308	0.00318070762130117	0.000283940188913589	0.000264112501145386	0.000104528489884799	1.92501822992264e-06	1.54001458393811e-06	3.08002916787622e-06	5.29380013228725e-05	0.000471436964508054	0.000340920728519299	0.000381153609524682	0.00132961009140757	0.0154072684068318	0.000273737592294999	0.00130227483254266	0.0256162175855805	0.000455266811376704	0.00027720262510886	FALSE
SRR6700268	5693423	219488	0.960370589011215	9.11578149032665e-05	2.81026018969608e-06	7.3242406193954e-05	0.00422979286801631	0.000195664365707589	0.000184247683686949	9.43193576166745e-05	5.26923785568014e-07	7.02565047424019e-07	7.02565047424019e-07	5.83128989361936e-05	0.000429618526499788	0.000259070861237607	0.000342324819357353	0.000839740872933559	0.0122739870197595	0.000187233585138501	0.000945125630047161	0.0187953714312111	0.000370778703778026	0.000254679829691207	FALSE
SRR6700279	6947485	269482	0.9599528462458	0.000147823277056374	4.17417238036498e-06	0.000285858839565685	0.003541857233229	0.000310040251976075	0.000257503254774929	2.74919629189556e-05	3.59842446583188e-06	1.29543280769948e-06	4.46204633763153e-06	5.90141612396428e-05	0.000331198987835166	0.000219935703351645	0.000368046854365285	0.00110745111360442	0.00903362871600298	0.000210435862761848	0.00116776070765176	0.0222919516918712	0.000414826372421099	0.000258798687582629	FALSE
SRR6700280	5502237	175207	0.966984882694075	0.00013394552070367	2.90790818352608e-06	0.000260076038164114	0.00274760974490921	0.000299151054380246	0.000270071972544985	5.14336259961176e-05	7.26977045881521e-07	3.08965244499646e-06	3.99837375234836e-06	5.05249046887657e-05	0.000308965244499646	0.000226998582576505	0.000352765611514008	0.00141269814440926	0.00891582823495244	0.000223545441608568	0.00118242816512629	0.0159555104587461	0.000384752601532795	0.000228089048145327	FALSE
SRR6700291	6573435	228418	0.963304269381229	0.000401616506438415	2.16020999675208e-05	0.00027763262282201	0.00200853891458575	0.000502933397835378	0.000305167693907371	1.44521091332005e-05	4.71595140136017e-06	4.71595140136017e-06	3.34680422032012e-06	4.27478175413616e-05	0.000419871802185615	0.000145738111048485	0.000637718331435543	0.00107995287091148	0.00771301458065684	0.000335897441748492	0.00142802050982477	0.0203251420300041	0.000626004516664423	0.000396900555037054	FALSE
SRR6700293	5935064	298358	0.948234088124408	0.00023908756502036	9.26695988451009e-06	0.000306989107446862	0.00323063070591994	0.000362590866753922	0.0003174354985894	2.61159778563466e-05	1.51641161746529e-06	1.34792143774692e-06	6.06564646986115e-06	4.97046030169178e-05	0.000392919099103228	0.000295531775226013	0.000475647777344945	0.00344073796002874	0.0160926655550808	0.000284411423364601	0.00182222129365412	0.0236860124844484	0.000436221075290848	0.000288792168037278	FALSE
SRR6700295	6987546	145997	0.977692597658749	0.000328298375423933	1.05902701749656e-05	0.000293808441475734	0.0021558355394011	0.000325865475518873	0.000237279296622877	1.1019605452329e-05	1.71734110945388e-06	1.14489407296925e-06	3.86401749627122e-06	6.86936443781551e-05	0.000299389800081459	0.000101895572494263	0.000429049053845227	0.00168871875762965	0.00442143779804813	0.000224971685338458	0.00117952711867657	0.00989174167869521	0.000398995584429784	0.000233558390885727	FALSE
SRR6700331	7419116	254180	0.964184142693011	0.000167270602050163	3.23488674391936e-06	0.000679056642327738	0.00244732660872266	0.000341954486221809	0.000677573985903442	3.67968367120827e-05	5.39147790653226e-07	1.61744337195968e-06	2.96531284859274e-06	3.70664106074093e-05	0.000327262708926508	0.000261891039309805	0.000424713672087079	0.0038724290063668	0.0136845144354125	0.000224150693964079	0.00156784177521958	0.0105935801515976	0.000299092236864877	0.000164979223939887	FALSE
SRR6700341	5e+06	179077	0.962097	0.0002532	6.4e-06	0.000483	0.001752	0.0006404	0.0007706	5.12e-05	6e-07	1.8e-06	4.6e-06	4.7e-05	0.0005344	0.0002514	0.0005388	0.0069572	0.0103478	0.000372	0.0026834	0.0114328	0.0004852	0.0002892	FALSE
SRR6700348	5e+06	99809	0.9786634	0.0004426	2.2e-06	0.000134	0.00203	0.0002266	0.0002584	2.56e-05	7.4e-06	5.8e-06	4.6e-06	6.58e-05	0.0004196	0.0001006	0.0003926	0.0006696	0.0046148	0.0001974	0.0011192	0.010109	0.000362	0.0001488	FALSE
SRR6700354	9456331	341704	0.962793180568658	0.000175543770623088	2.96097926352197e-06	7.20152456592308e-05	0.00228820247514602	0.000243963541462328	0.000237089839600581	1.69198815058398e-05	5.28746297057495e-06	3.80697333881396e-06	3.48972556057947e-06	5.1711387852223e-05	0.00050019399701639	0.000168564319501929	0.000348549559020301	0.000710000527688804	0.00609982878137409	0.000210123778450649	0.00114209200164419	0.02433575982059	0.00038027433684375	0.000210441026228883	FALSE
SRR6700355	5e+06	110728	0.9761118	0.000531	5.4e-06	0.0001366	0.0016746	0.0003272	0.000297	2e-05	2.4e-06	2.8e-06	7.4e-06	5.94e-05	0.000373	0.000136	0.0005302	0.0009804	0.0047226	0.000246	0.0011398	0.0119934	0.0004376	0.0002654	FALSE
SRR6700365	5101518	143595	0.969830352455877	0.000508084064390246	8.42886372252338e-06	0.000165048912892202	0.00267018561926078	0.000409093920672239	0.000341270970718912	2.78348522929842e-05	9.80100432851555e-07	3.72438164483591e-06	1.03890645882265e-05	0.000124472754972147	0.000689402644467784	0.000171909615922163	0.000652550868192565	0.000959714343848243	0.00565047501547579	0.000284817185786662	0.00143878743542608	0.0152687886233078	0.000510044265255949	0.000273644040852154	FALSE
SRR6700373	5e+06	83203	0.981455	0.0002616	3.4e-06	0.0004674	0.0011922	0.0006702	0.0006108	2.28e-05	1.4e-06	1.6e-06	4.4e-06	3.98e-05	0.0004028	0.0001984	0.0004594	0.0010606	0.0048382	0.0002444	0.001062	0.0064104	0.000379	0.0002142	FALSE
SRR6700375	8101401	73914	0.989754735014351	0.000197002962820875	4.5671112934664e-06	0.000107388833116642	0.000973658753590891	0.000275507902892352	0.000275507902892352	1.12326250731201e-05	2.96245056873496e-06	4.93741761455827e-07	4.19680497237453e-06	2.65386196782507e-05	0.000295381008790949	6.66551377965367e-05	0.000335744397789962	0.000610017946278674	0.00223640330851417	0.000251067685700288	0.00122015932799771	0.00276668196031773	0.000388945072586828	0.000195151431215416	FALSE
SRR6700493	5870050	116250	0.978546860759278	0.0001729116447049	1.31174351155442e-05	0.00950094121855861	0.000912257987581026	0.000187732642822463	0.000594373131404332	1.51617107179666e-05	1.36285040161498e-06	8.51781501009361e-07	1.36285040161498e-06	2.52127324298771e-05	0.000206471835844669	4.75294077563224e-05	0.000344630795308388	0.00154138380422654	0.00316402756364937	0.000205960766944064	0.000879379221642064	0.00330031260381087	0.000227084948169096	0.000111072307731621	FALSE
SRR6700495	13144890	404341	0.967411138472821	0.000346674639346545	7.5314437777722e-06	0.00898919656231433	0.00221150576383675	0.000314723059683269	0.000307724142233218	3.08865270078335e-05	5.17311289786373e-06	1.29327822446593e-06	6.99891745005093e-06	7.12824527249753e-05	0.000324612834340949	0.000136859266224366	0.000461243874996291	0.00108939671613836	0.0054380827834999	0.000231572877369076	0.00113192274716639	0.0108896308755722	0.000369192895490187	0.000223356756884234	FALSE
SRR6700496	6963058	95384	0.985164707805105	0.000205943997594161	4.02122171034623e-06	0.00446183271775131	0.001194590078095	0.000273730306425711	0.000223034189863132	2.21167194069043e-05	1.29253554975415e-06	1.00530542758656e-06	1.09147446423683e-05	4.82546605241548e-05	0.000186125119164597	5.27067274177524e-05	0.000331750791103564	0.000853360692959903	0.00375481577203579	0.000239693536948852	0.000931056441006236	0.00160733976364982	0.000290246038450348	0.000141460835167537	FALSE
SRR6700498	5047342	183532	0.96241883351673	0.000211200271350743	3.16998531108056e-06	0.00736011152008324	0.00416298320977655	0.0002375507742491	0.000203671556236926	7.15227935812552e-05	1.18874449165521e-06	2.17936490136789e-06	5.74559837633352e-06	6.1814713566071e-05	0.000311451056813666	0.000176528557010799	0.000348896508300805	0.000810327495144969	0.00793962445976516	0.000164641112094247	0.000843414216829373	0.0141286245314861	0.000333442829909287	0.000203077183991099	FALSE
SRR6700499	7457808	279607	0.961090309645944	0.000254632460369052	4.82715564680668e-06	0.0105242720112934	0.00352181230731604	0.000274343345926846	0.000264689034633233	5.16237478894603e-05	2.41357782340334e-06	1.20678891170167e-06	4.29080501938371e-06	6.03394455850834e-05	0.000327039795071152	0.000146691896600181	0.000389256467852216	0.000879346853659949	0.0069496291671762	0.000225937701801924	0.000989030556967946	0.0135019566070888	0.000347421118913225	0.000188929508509739	FALSE
SRR6700500	5e+06	228780	0.951855	0.0001618	1.1e-05	0.0109706	0.0023506	0.0005118	0.0007184	6.8e-06	3.4e-06	3.6e-06	5.8e-06	3.82e-05	0.0004818	0.00019	0.0007686	0.0019238	0.00704	0.0003448	0.001648	0.0199454	0.0006374	0.0003832	FALSE
SRR6700501	6543388	411692	0.934337838440881	0.000574625866599994	1.26845603531382e-05	0.0377643813877459	0.00122719300765903	0.000362197687192017	0.000415381145058187	1.9714557657287e-05	1.2226082268085e-05	8.25260553095736e-06	3.05652056702124e-06	5.74625866599994e-05	0.00034385856378989	0.000123483430907658	0.000908856390603767	0.000978086581446798	0.0136909197498299	0.000538406097880792	0.00119005628276972	0.00680381478218929	0.000401932454563294	0.000225571217846168	FALSE
SRR6700504	7442130	213898	0.969129133729188	0.000609234184299387	1.41088639945822e-05	0.0110823111125444	0.00140268982132803	0.000319935287343812	0.000375295782255886	1.94836693258516e-05	2.01555199922603e-06	2.95614293219817e-06	5.91228586439635e-06	4.08485205176475e-05	0.000348018645199694	9.98370090283293e-05	0.000526462182197839	0.00111728765823763	0.00633501430370069	0.000291583189221365	0.00117318563368283	0.00637841585675069	0.000456320972624773	0.000269949597763006	FALSE
SRR6700510	8062483	449653	0.942426049146398	0.000312558798573591	5.58140711738555e-06	0.00834581604699198	0.00284763391129011	0.000354853461396446	0.000281799043793333	7.71474494891958e-05	5.33334457883508e-06	2.72868792405516e-06	6.20156346376172e-06	8.74420448390403e-05	0.000398884561989154	0.000309333985572435	0.000445396287967367	0.00107460691700063	0.0160267004593994	0.000237147786854248	0.00117085518195821	0.024881540835497	0.000421086159189421	0.000281302918716232	FALSE
SRR6700512	7437698	164868	0.9766814947313	0.000261908993884936	4.43685667258875e-06	0.0101302849349355	0.00133549385844921	0.000241472563150588	0.000226548590706426	1.90919287123516e-05	1.34450202199659e-06	1.61340242639591e-06	1.82852274991536e-05	4.51752679390855e-05	0.000234884503242804	0.000101778803065142	0.000254917583370554	0.000732350251381543	0.00400984283040263	0.000231254347783414	0.00103042634965819	0.00400917057939163	0.00029189138897546	0.000136332505030454	FALSE
SRR6700514	5623016	152781	0.970528983022634	0.000258402252456689	5.86873663528612e-06	0.0161827745110453	0.000741061380582947	0.000471455176367985	0.000891336606547091	1.33380378074684e-05	2.84544806559327e-06	1.60056453689621e-06	2.31192655329453e-06	2.29414250288457e-05	0.000373820739617316	6.65123485332427e-05	0.000492262515347635	0.00270068589525621	0.00241205075710259	0.000340920246358893	0.00153049537828098	0.00237772753981138	0.000366884959957432	0.00021572053147279	FALSE
SRR6700515	5167791	155061	0.96807030315274	0.000245559466317427	2.51558160924078e-06	0.0143384281601172	0.00164248128455659	0.00024672050398323	0.000643601879410371	2.08986779844618e-05	5.80518832901718e-07	1.74155649870515e-06	2.90259416450859e-06	4.43129375781644e-05	0.000311545106990588	9.17219755984714e-05	0.000459577409380526	0.00180425253265854	0.00281416179562989	0.00028290617790077	0.00117942076217866	0.00734046713576459	0.000296064604779876	0.000159836185325606	FALSE
SRR6700517	5e+06	108702	0.9763874	0.0001848	4.2e-06	0.0149356	0.0008144	0.0004376	0.000515	1.24e-05	2e-07	1.6e-06	2e-07	4.38e-05	0.0002348	1.82e-05	0.0004134	0.0022924	0.0007626	0.000212	0.0010518	0.0013356	0.0002206	0.0001214	FALSE
SRR6700518	5724345	110655	0.9788435183414	0.000139055210683493	1.39753980586425e-06	0.0137734535566951	0.000600068654142963	0.000424677408506999	0.000705058832058515	1.43247830101086e-05	1.74692475733031e-07	8.73462378665157e-07	8.73462378665157e-07	1.88667873791674e-05	0.000237581766996923	2.58544864084887e-05	0.000379082672340678	0.00150951768280912	0.000768821585701071	0.000219588441996421	0.000877829690558483	0.00107016610634055	0.000239503384229986	0.000149711451703208	FALSE
SRR6700519	5754275	183359	0.966603785880932	0.000168396539963766	1.21648687280326e-06	0.0106082868823614	0.00325688292617228	0.000270407653440268	0.000461569876309353	3.09335233369973e-05	1.73783838971895e-07	2.08540606766274e-06	2.78054142355032e-06	6.46475880975449e-05	0.000360949033544626	0.000213406554257487	0.000302210095972125	0.00145978424736392	0.00598946001016636	0.000169613026836569	0.00090610893639946	0.00871091492846623	0.00027423089789765	0.00014215518027901	FALSE
SRR6700560	7847467	254110	0.96631664714232	0.000244282645597618	4.07774890929774e-06	0.0115511157931598	0.00265920200747579	0.000254222158564031	0.000214591536351794	8.61424457089147e-05	6.37148267077772e-07	1.4017261875711e-06	4.33260821612885e-06	6.29502487872839e-05	0.000293088202855775	0.000142976071132252	0.000370310572825601	0.000970504240412862	0.0072675679935959	0.000201466282049991	0.000889458980840569	0.00781309433986788	0.00039069931737209	0.000261230789501886	FALSE
SRR6700562	7085515	267100	0.959863750200232	0.000540257130215658	8.32684709580038e-06	0.00667093358774909	0.00192999379720458	0.000480840136532066	0.000523462303022434	3.76825114335373e-05	1.41133001623735e-06	4.09285704708832e-06	9.59704411041399e-06	5.7582264662484e-05	0.000475477082470364	0.000154964035782861	0.000660220181595833	0.00209399034509136	0.0114395354466119	0.000414225359765663	0.00159183912531411	0.0120313061224202	0.000624936931189899	0.000385575360436045	FALSE
SRR6700564	5e+06	105550	0.9776862	0.0001638	6e-07	0.0095866	0.0019082	0.000138	0.0001934	2.6e-05	2.2e-06	1.8e-06	2.4e-06	3.36e-05	0.0001476	9.74e-05	0.0002764	0.000518	0.0045638	8.62e-05	0.0004054	0.0039232	0.0001604	7.88e-05	FALSE
SRR6700566	5e+06	149081	0.968729	0.0001906	2e-07	0.0201962	0.0012958	0.0003508	0.000286	2.86e-05	8e-07	1.2e-06	4.2e-06	3.28e-05	0.0001746	7.92e-05	0.000336	0.0010624	0.003573	0.000146	0.0005772	0.0025748	0.0002198	0.0001408	FALSE
SRR6700568	5e+06	208549	0.9565006	0.0002484	1.6e-06	0.0253644	0.0015054	0.000216	0.0004928	2.04e-05	3.6e-06	6e-07	7e-06	4.7e-05	0.0002066	0.0001114	0.000346	0.001597	0.0056514	0.000218	0.0008788	0.0062378	0.000212	0.0001332	FALSE
SRR6700569	5e+06	121068	0.9733162	0.0005572	1.1e-05	0.005855	0.0026378	0.0004746	0.000383	3.5e-05	6.2e-06	2.8e-06	1.52e-05	8.36e-05	0.0003128	0.000178	0.000683	0.0013788	0.0063696	0.000298	0.0010738	0.0055176	0.0005064	0.0003044	FALSE
SRR6700572	5e+06	79862	0.9825192	8.38e-05	2e-06	0.0051156	0.0018804	0.0002674	0.0004862	2.92e-05	3.6e-06	4e-07	2.2e-06	3.86e-05	0.0001504	0.0001912	0.000284	0.0017472	0.0031702	0.0001338	0.000774	0.0028338	0.0001792	0.0001076	FALSE
SRR6700573	5e+06	70238	0.9839494	0.0001298	8e-07	0.0070804	0.000674	0.0003778	0.0006324	1.16e-05	8e-07	6e-07	1.6e-06	2.18e-05	0.0001962	0.0001256	0.0003752	0.0019516	0.0014194	0.0002306	0.0008128	0.0015688	0.0002704	0.0001684	FALSE
SRR6700575	5e+06	122131	0.9742632	8.1e-05	1.4e-06	0.0044706	0.0015858	0.000206	0.0003372	5e-05	2e-07	0	2.2e-06	3.66e-05	0.0001266	0.0001888	0.0002038	0.0012768	0.0113558	0.0001044	0.0005914	0.004928	0.0001264	6.38e-05	FALSE
SRR6700578	5e+06	157578	0.9669068	0.0002952	6.6e-06	0.0093238	0.0018084	0.0003322	0.000386	7.28e-05	1.4e-06	1e-06	3.6e-06	5.52e-05	0.0002608	0.000161	0.0003776	0.000947	0.0115524	0.0002964	0.0010056	0.0055002	0.0004106	0.0002954	FALSE
SRR6700582	5e+06	249071	0.9486632	0.0003668	2.6e-06	0.0192766	0.0032122	0.0002628	0.0002064	3.58e-05	5.4e-06	2.2e-06	6.4e-06	8.3e-05	0.0002728	0.0001766	0.0003802	0.0008154	0.0095556	0.0001808	0.0006936	0.0153684	0.0002744	0.0001588	FALSE
SRR6700584	5e+06	124309	0.9735446	0.0002478	3.4e-06	0.0088724	0.002442	0.0001558	0.0003016	6.48e-05	1.4e-06	1e-06	2.8e-06	4.44e-05	0.0001248	0.0001242	0.0002438	0.0014784	0.007038	0.0001292	0.0006166	0.0042938	0.0001784	9.08e-05	FALSE
SRR6700703	1615092	30764	0.978821020722039	0.000542383963266489	4.95327820334693e-06	0.000158504902507102	0.00113368154879103	0.000502138577864295	0.000619778935193785	1.11448759575306e-05	2.47663910167346e-06	3.09579887709183e-06	4.95327820334693e-06	4.64369831563775e-05	0.000547337241469836	0.000114544558452398	0.000713891221057376	0.00161043457586317	0.00214105450339671	0.000364685107721418	0.00182590217770876	0.0099616616267061	0.00056467371518155	0.000305245769281255	FALSE
SRR6700711	2925228	85092	0.969276582885163	0.000257073978506974	4.10224433787725e-06	7.24729833024981e-05	0.00181114087517281	0.000434837899814989	0.000340486280043812	2.97412714496101e-05	6.15336650681588e-06	4.78595172752346e-06	4.78595172752346e-06	3.89713212098339e-05	0.000487483368817747	0.000254681002643213	0.000595167282687025	0.00109153884757017	0.00461605044119638	0.000299463836665039	0.00179097150717824	0.0177654528125671	0.000524403567858642	0.000293652323853047	FALSE
SRR6700712	2526138	67558	0.970428773091573	0.000423175614317191	1.54385864905243e-05	0.000171803757356091	0.00121212697010219	0.00087722840161543	0.000754115570883301	1.70220312587832e-05	5.93791788097087e-06	5.93791788097087e-06	9.89652980161812e-06	4.3148869935055e-05	0.000693152947305333	0.000192388539343456	0.00109455619605896	0.00180275186866276	0.00462840905762076	0.000610417958163806	0.00251411443080307	0.0127063525428935	0.00108347208268115	0.000709779117372052	FALSE
SRR6700714	2817092	124831	0.953985528339153	0.000255227731291701	5.32463973487554e-06	0.000554117508409381	0.00188882720195152	0.000429875914595618	0.00044762471371187	4.25971178790043e-05	3.54975982325036e-07	1.41990392930014e-06	5.67961571720057e-06	4.29520938613293e-05	0.000592454914500485	0.000414611947355642	0.000618368161210212	0.00159597201653336	0.007172999674842	0.000282205905948404	0.00177026522385495	0.0290874419436781	0.000513650246424327	0.00029250020943583	FALSE
SRR6700715	2748625	39453	0.983982536722907	0.000313247532857338	1.1642184728728e-05	0.00018263677293192	0.00114711901405248	0.000395834280776752	0.000487516485515485	2.54672790940925e-05	2.1829096366365e-06	4.72963754604575e-06	4.00200100050025e-06	3.0560734912911e-05	0.000446405020692164	0.00010587111737687	0.000582836872981946	0.00108854427213607	0.00221783619082268	0.000336895720587567	0.00148983582700441	0.00639628905361772	0.00048424212106053	0.000263768247760244	FALSE
SRR6700717	3030652	44046	0.983374864550598	0.000316763521512863	9.56889804570106e-06	0.00013033499062248	0.00131192891826577	0.000526619354515134	0.000500882318392214	2.57370361229201e-05	1.64981000787949e-06	1.97977200945539e-06	1.12187080535805e-05	4.19051742001391e-05	0.000527609240519862	8.97496644286444e-05	0.000795208423797915	0.00144424368089771	0.00199330045152	0.000438849462095945	0.00182139024869896	0.00549518717424501	0.000712717923403941	0.000428290678045516	FALSE
SRR6700718	2625680	77410	0.969044971207459	0.000286782852442034	8.75963559915907e-06	8.72155022698882e-05	0.0020905060784254	0.000336293836263368	0.000377045184485543	2.70406142408824e-05	1.52341488681027e-06	1.14256116510771e-06	8.75963559915907e-06	4.57024466043082e-05	0.00041817738642942	0.000190426860851284	0.000518722768958898	0.00107857773986167	0.00291886292312848	0.000246031504219859	0.00132879863502026	0.0202298071356753	0.000466926662807349	0.000287925413607142	FALSE
SRR6700719	2667148	84023	0.966844359593093	0.000284198702134265	7.49864649430778e-06	9.29832165294164e-05	0.00163395507110966	0.00039517867025002	0.000410925827888066	2.99945859772311e-05	1.49972929886156e-06	1.12479697414617e-06	6.37384952016161e-06	4.94910668624313e-05	0.000445044669437167	0.000226084191803379	0.000608140230688361	0.00122902816041704	0.00415762454876895	0.000273325664717518	0.00154584597480155	0.0209733393122541	0.000479163510986267	0.000304819979993611	FALSE
SRR6700730	2266624	28752	0.985743555172803	0.000228092528800542	5.73540207815676e-06	8.77957702733228e-05	0.00107560848204201	0.000521921589112266	0.000408978286650102	1.76473910097131e-05	2.20592387621414e-06	2.64710865145697e-06	1.67650214592275e-05	3.92654449966117e-05	0.000416037243053987	0.00013412017167382	0.00051795092613508	0.00100060707025073	0.00389213208719223	0.000378977721933589	0.00157105898463971	0.00315005929523379	0.00048045022023944	0.000308388157894737	FALSE
SRR6700830	3039088	127961	0.956028584891257	0.000194466234607224	5.92282948042307e-06	0.00102826900701789	0.000897637712366341	0.000506072874493927	0.000472839220187109	1.48070737010577e-05	2.30332257572008e-06	2.96141474021154e-06	3.29046082245726e-06	3.15884238955897e-05	0.000435657012893342	0.000161890672464897	0.000721269012282632	0.00121845764255592	0.00493371695719242	0.000469219713282406	0.00193972665483856	0.029722074517092	0.000716991413213438	0.000492252939039607	FALSE
SRR6700835	3401947	205660	0.937425832912741	0.000267787828558176	1.14640233960141e-05	0.0105798238479318	0.00206822740036808	0.000505886776013853	0.000513235508960016	2.17522495206421e-05	3.23344249631167e-06	1.76369590707909e-06	6.17293567477683e-06	5.87898635693031e-05	0.000665207306286665	0.000149620202783876	0.000751040507097847	0.00156410432026131	0.00334573113572904	0.000449448506987322	0.00201443467520217	0.0382228176982181	0.00082923102564502	0.000544394136651747	FALSE
SRR6700837	2552198	151783	0.938619574186642	0.000294647985775398	5.87728695030715e-06	0.00017279223633903	0.00257346804597449	0.000393778225670579	0.000349894483108285	2.86027964914948e-05	9.40365912049144e-06	5.09364869026619e-06	3.91819130020476e-06	7.75801877440543e-05	0.000470574775154592	0.000266045189283904	0.000671969807985117	0.00124911938650528	0.00583457866513492	0.000318940771836668	0.0018102043806946	0.0457621234716115	0.000681373467105609	0.000400439150880927	FALSE
SRR6700957	5e+06	293190	0.9395234	0.000413	5.6e-06	0.006164	0.0028648	0.000299	0.0002414	3.72e-05	1e-06	2.4e-06	1.52e-05	8.2e-05	0.0003898	0.000292	0.0005724	0.0009786	0.0080018	0.0001952	0.0011878	0.0381076	0.0003944	0.0002314	FALSE
SRR6700959	3329482	132262	0.958678557204995	0.000390451127232404	7.20832850275208e-06	0.00957956823313657	0.00213907148319168	0.000264005031413295	0.000222857489543418	2.07239444454122e-05	1.20138808379201e-06	3.60416425137604e-06	5.40624637706406e-06	5.31614227077966e-05	0.000323173394540052	0.00020153285105611	0.000457728859924757	0.0006995082117879	0.00753961126685773	0.000232768941234703	0.00116804956446678	0.0173765768969467	0.000394655985525676	0.000240577963779351	FALSE
SRR6701058	12173864	395437	0.965718115464408	0.000408498074235099	8.70717793463111e-06	0.00020683654754152	0.00241525615860338	0.000327833463557667	0.000298754774983522	3.47465685504619e-05	1.80715013737627e-06	1.64286376125115e-06	5.17502084794113e-06	6.37431139365447e-05	0.00036775505295607	0.000207411549857958	0.000556027239995453	0.000930682320748778	0.00836324440621318	0.00029645476571777	0.00128480160448646	0.0177053891845679	0.000489573400852843	0.000307544096106216	FALSE
SRR6701060	12178769	446364	0.962072767781374	0.000327126657874864	5.91192755195537e-06	7.71013884900847e-05	0.00317757894907113	0.000213650492919276	0.000147305528169555	2.92311973402238e-05	3.4486244053073e-06	1.88853241243019e-06	4.10550524441345e-06	4.81165214645257e-05	0.000323678033469557	0.000223175265086315	0.00038994088811439	0.000670429006412717	0.00772631453967146	0.000156748190231706	0.000976289147121519	0.0228561687966986	0.000376228500598049	0.000192794526277656	FALSE
