sample	read_num	uniq_num	unmap	rRNA	spikein	univec	pri_miRNA	lncRNA	mRNA	piRNA	snoRNA	snRNA	srpRNA	tRNA	tucpRNA	Y_RNA	intron_for	intron_rev	promoter_for	promoter_rev	enhancer_for	enhancer_rev	repeats_for	repeats_rev	passQC
SRR2105127	2506904	479407	0.111931689446425	0.240549299055728	3.15129737716323e-05	0.0592288336529839	0.242743639166079	0.0182751313971337	0.0050807689484719	0.195620574222228	0.000186684452216758	0.00565438485079604	4.70700114563621e-05	0.0789870693093952	0.0022765131811988	0.0100957196605853	0.00274083092132766	0.00439785488395248	0.00316924780526099	0.00198132836359111	0.00641468520533694	0.00651361200907574	0.00185168638288502	0.00222186410010116	TRUE
SRR2105128	5e+06	966443	0.1220928	0.2406476	4.3e-05	0.0566486	0.2500012	0.0186606	0.0051688	0.1825744	0.0001922	0.0058592	4.9e-05	0.0749168	0.0023694	0.0102646	0.0028596	0.0045728	0.0033358	0.002087	0.0066648	0.006544	0.0020646	0.0023832	TRUE
SRR2105129	3533061	639143	0.165039890338718	0.208274071690243	2.17941326232409e-05	0.0241442194176664	0.221678029334903	0.0202943000418051	0.0039976666126059	0.207859417089034	0.000153125009729523	0.00493905992565653	2.77379869750338e-05	0.0983889041259123	0.00184457613383975	0.0136816205550937	0.00285220096681037	0.00393964327250506	0.00321817257047076	0.00207949990107728	0.00622434766906091	0.00671061156317426	0.00227394885058594	0.00235716281151104	TRUE
SRR2105130	5e+06	911682	0.1758226	0.2095122	3.06e-05	0.02338	0.2279072	0.0204158	0.0041302	0.1944266	0.0001586	0.00505	4.58e-05	0.092304	0.0018784	0.0138404	0.0030338	0.0042402	0.0033796	0.0021462	0.0064988	0.0068482	0.0024442	0.0025066	TRUE
SRR2105131	2971300	551504	0.110306263251775	0.239387136943425	2.86070070339582e-05	0.0755002860700703	0.225673947430418	0.0191222697135934	0.00528825766499512	0.208992360246357	0.00017130548917982	0.00342745599569212	4.44249991586174e-05	0.0731952344091812	0.00231110961531989	0.00864032578332716	0.00266449029044526	0.00437518931107596	0.00312590448625181	0.00185979201023121	0.00602631844647124	0.00607107999865379	0.00172449769461179	0.00206374314273214	TRUE
SRR2105132	5e+06	940085	0.1201268	0.2392102	3.66e-05	0.072249	0.2329628	0.019285	0.0053938	0.1969606	0.0001702	0.003579	5.28e-05	0.0699294	0.0023598	0.0088082	0.0027434	0.0044828	0.0032924	0.0019492	0.006234	0.006112	0.00186	0.002202	TRUE
SRR2105133	4341369	823989	0.0837553776239707	0.275303711801508	1.84273670356056e-05	0.00930812377386027	0.262470663055824	0.0168398493654882	0.00492241041938614	0.217055956312398	0.000243471586957939	0.00418531573796192	4.46863650613436e-05	0.0889484399966923	0.00180012341729072	0.0125260027424529	0.00183006788872358	0.00314048402704308	0.00247387402453005	0.00184826491367124	0.00441312406293959	0.00603749646712823	0.0012638870365546	0.00157024201352154	TRUE
SRR2105134	5e+06	962799	0.0923494	0.2741208	3.06e-05	0.0099046	0.2703688	0.0169694	0.0049892	0.2042542	0.000256	0.004387	6.22e-05	0.0844722	0.001869	0.012681	0.0019708	0.0032758	0.0025414	0.0018832	0.0045304	0.0058964	0.0014688	0.0017188	TRUE
SRR2105135	4143419	696534	0.109457913862923	0.171063800209441	1.81009934066528e-05	0.0497535972104197	0.166804033094408	0.0292343110846381	0.00339574636308807	0.287000180285894	0.000133223311472965	0.00265963929788419	2.75135099781123e-05	0.148552198076033	0.00154510079719188	0.00941951562224337	0.00218273845826357	0.0031792584819445	0.00212022969436593	0.00164284616158781	0.00425904307529603	0.00423418437768423	0.00163005479291377	0.00168677123892129	TRUE
SRR2105136	4613031	791162	0.118897098241915	0.174728719577215	2.38454933426634e-05	0.0470911641391528	0.174676259491861	0.0300208257867766	0.00361085802371586	0.272204110486142	0.000143506514480393	0.00282590773831782	4.05373386825278e-05	0.142236416794077	0.001588760188258	0.00960518149563703	0.00241121293136768	0.00338172451041409	0.00234509588164484	0.00170126756139293	0.00445368782477291	0.00434096367442577	0.00180250251949315	0.00187035378691364	TRUE
SRR2105137	3774556	633828	0.116949119313636	0.214194199264761	3.65605914973841e-05	0.0715223194463137	0.186637845616809	0.0238401549745189	0.00548064461091583	0.22887645593283	0.000173530343701352	0.00357260562566829	3.81501824320529e-05	0.104977115189177	0.00236451651531995	0.0106764875127035	0.00310818014092253	0.00494733685233442	0.00346053946477413	0.0024103497206029	0.00664025119775677	0.00576491645639911	0.00222781169493842	0.00210090935198736	TRUE
SRR2105138	4998506	857182	0.127954832904072	0.215621827802147	4.42132109074191e-05	0.0682345884950423	0.193189324970301	0.0243298697650858	0.00566329219170688	0.21553080060322	0.000182854636965525	0.00363688670174648	4.28127924623878e-05	0.100186735796656	0.00249474542993446	0.010778220532295	0.0033506011596265	0.0052195596044098	0.00365949345664485	0.00251075021216339	0.00693447202023965	0.00584094527444801	0.0023266952165307	0.00226647722339435	TRUE
SRR2105139	4104221	722969	0.0964107439633489	0.172741428885043	1.63246569811908e-05	0.0272975066401151	0.183270588986314	0.0305719404486259	0.00333388479811394	0.3120355848284	0.000137419500558084	0.00264654364372679	2.2903250093014e-05	0.138827075832417	0.0014580111548574	0.0123916329067075	0.00192850238815113	0.0028027243172334	0.00196407552127432	0.0015535225807772	0.00387795881362139	0.00377002115626814	0.00146093497401821	0.00148067075335368	TRUE
SRR2105140	5e+06	899090	0.1051724	0.1757454	2.22e-05	0.0259622	0.1910986	0.031544	0.0035182	0.296065	0.0001558	0.0027756	3.5e-05	0.1334756	0.0015038	0.0127872	0.0021174	0.0030188	0.0021004	0.0016486	0.0040618	0.003905	0.0016364	0.0016506	TRUE
SRR2105141	3972045	760395	0.0698008204841587	0.164181926438396	6.29398710236163e-06	0.0238821564206851	0.253844556141736	0.0278284863338658	0.00211276559052075	0.292997687589139	0.000149041614583923	0.00270943556782463	2.24065940844074e-05	0.122652940739594	0.00101282840451203	0.0289896010745095	0.000821742956084334	0.00132526192427326	0.00101408720193251	0.000803616273229533	0.00185697795468078	0.00234765718918089	0.000814441931045595	0.000825267588861657	TRUE
SRR2105142	5e+06	977617	0.0772288	0.1665586	1.36e-05	0.0228512	0.2652554	0.0283614	0.0021942	0.2765184	0.0001534	0.0028082	2.94e-05	0.1168852	0.0010528	0.0294112	0.0009238	0.0014072	0.00115	0.0008468	0.002004	0.0023776	0.0009938	0.000975	TRUE
SRR2105143	3134783	621169	0.109664050111284	0.202698240994672	2.20110929528455e-05	0.0388310769836381	0.23225052579397	0.0207622026787819	0.00359004116074382	0.246077001183176	0.000178640754399906	0.00460829346082329	3.70041562685519e-05	0.105593273920396	0.00166327302400198	0.0111258099842956	0.00219951428854884	0.00324073468562258	0.0022687375808788	0.00156693461716489	0.00470909788652038	0.00519206592609441	0.00157682365892631	0.0021446460568403	TRUE
SRR2105144	5e+06	991810	0.1192116	0.2033844	3e-05	0.0369244	0.2407324	0.0210872	0.0036504	0.2329058	0.0001722	0.0047378	4.88e-05	0.1000824	0.0017108	0.0113936	0.0023498	0.0033916	0.002465	0.001645	0.0048706	0.0051846	0.0017288	0.0022928	TRUE
SRR2105145	3437609	671991	0.177135328654306	0.183743991826877	5.64345741473216e-05	0.0114794905412454	0.258023818299289	0.0206797806265925	0.00539910152667159	0.198200551604327	0.000194902910714977	0.0056437483145989	4.1889580810383e-05	0.0743685509317668	0.00249417545741822	0.0211504566109758	0.00430909972600142	0.00583516042691301	0.00464625267155165	0.00307015719356099	0.0089143355163429	0.00826999231151652	0.00316906314825217	0.00317371754611999	TRUE
SRR2105146	5e+06	991494	0.1874928	0.1820074	6.68e-05	0.0113478	0.264679	0.0207076	0.0055856	0.185615	0.0002132	0.0058112	5.18e-05	0.069769	0.0026166	0.0208354	0.0045116	0.0060326	0.0048616	0.0032296	0.0093144	0.0083432	0.0034568	0.003451	TRUE
SRR2105147	5e+06	1365620	0.064046	0.1608808	8.8e-06	0.0170236	0.41246	0.016277	0.0019484	0.2007848	0.000134	0.0018276	2.06e-05	0.07124	0.0008868	0.0424204	0.0007954	0.0011908	0.0012554	0.000617	0.001811	0.002698	0.000619	0.0010546	TRUE
SRR2105148	5e+06	1403618	0.0709474	0.1587862	1.3e-05	0.0163292	0.4235276	0.016494	0.0019964	0.1890158	0.0001538	0.0018992	2.52e-05	0.0672804	0.0009276	0.0420002	0.0008436	0.0012472	0.001331	0.0006552	0.0019332	0.0027176	0.000709	0.0011672	TRUE
SRR2105149	4988845	973744	0.084304683749445	0.2166579639175	1.18263846641858e-05	0.0131950381300682	0.289320273530246	0.0144235790047596	0.00316385856846625	0.246113078277637	0.000160357758158452	0.00367018818985156	3.84858619580284e-05	0.0995767557420605	0.00146627125116134	0.0143179433315727	0.00113854008292501	0.00190645329730629	0.00161059323350395	0.000920052637434116	0.00305341216253461	0.00312116331535656	0.000825040665725233	0.001004440907665	TRUE
SRR2105150	5e+06	986788	0.0910588	0.216924	2.24e-05	0.0132228	0.3001682	0.0145122	0.0032854	0.2319	0.0001644	0.0038416	4.34e-05	0.0945926	0.0014922	0.0143908	0.001209	0.0020314	0.0017064	0.0009892	0.0031872	0.0031526	0.0009746	0.0011308	TRUE
SRR2105151	3681383	611547	0.100814829644185	0.171179689806793	1.65698597510772e-05	0.0960891599705871	0.156590064114492	0.0279020139985435	0.00320966332489719	0.279054094616072	0.000126039588926227	0.00248167604403019	2.60771563295642e-05	0.134790376334111	0.00135682704027264	0.00694901888773866	0.00199924865193325	0.00295378122841334	0.00191558444204257	0.00152035254142261	0.00376380289690043	0.00414572458231051	0.00143424359812603	0.00168116167212159	TRUE
SRR2105152	5e+06	843745	0.1106688	0.1732868	2.24e-05	0.0907612	0.1641328	0.028686	0.0034348	0.2671638	0.0001246	0.0026238	3.34e-05	0.1297364	0.0014582	0.0070852	0.002165	0.0031096	0.0021466	0.0016064	0.0040104	0.0042744	0.0016216	0.0018478	TRUE
SRR2105153	4695527	838167	0.109254190211237	0.170482887224373	2.51302995382627e-05	0.0139087689198678	0.209148408687672	0.0265258830371969	0.00383087989910398	0.266613310923353	0.000185069748294494	0.00274580467751543	2.93896723413581e-05	0.137815414542393	0.00169480443835165	0.0329656287781968	0.00269128470563581	0.00366327357930217	0.00267616393218482	0.00206494393494064	0.00511103439507429	0.00471746834806828	0.00189563386601759	0.00195462617934047	TRUE
SRR2105154	5e+06	914327	0.1188434	0.1720704	3.66e-05	0.0130156	0.2178694	0.0268942	0.0039922	0.2530738	2e-04	0.0027998	3.66e-05	0.1304054	0.0017666	0.0328276	0.0027984	0.0039128	0.002835	0.0021374	0.005364	0.0048776	0.0021126	0.0021306	TRUE
SRR2105155	3785135	676835	0.0962560120048558	0.183815636694596	1.50589080706501e-05	0.021186034315817	0.200677650863179	0.02842910490643	0.00327438783557258	0.301044744771323	0.000164062840559187	0.00277295261595689	2.35130318997869e-05	0.131152521640576	0.00149743668323587	0.0109853413418544	0.00186545526117298	0.00282314897619239	0.00195765804918451	0.00148052843557759	0.00386194944169759	0.00380594087132956	0.00146309180518	0.00144776870573969	TRUE
SRR2105156	5e+06	917342	0.1054294	0.1848634	2.08e-05	0.0201982	0.207396	0.0288414	0.0033872	0.288183	0.0001672	0.0028772	2.9e-05	0.1260656	0.001567	0.0110728	0.0019636	0.0029586	0.0021618	0.0015634	0.0040904	0.003894	0.0016932	0.0015768	TRUE
SRR2105157	4516318	812582	0.0991925280726468	0.134768189485329	3.32128959918234e-05	0.00149635167408495	0.219623817454838	0.0273501555913468	0.00146955993798488	0.314991105586453	0.000117795071117667	0.0021583954008553	1.88206410620333e-05	0.161876333774548	0.000850028718084068	0.0229197766853441	0.00120961367202221	0.00137457105544827	0.00102982119505314	0.00113565962361375	0.00240749212079397	0.00331176856899802	0.00131213081098364	0.00135287196340027	TRUE
SRR2105158	5e+06	919906	0.10856	0.137858	4.46e-05	0.0013836	0.2299832	0.02823	0.0015458	0.297986	0.0001324	0.0022036	2.36e-05	0.1539778	0.0008554	0.0231522	0.0012948	0.0014754	0.0011708	0.0011576	0.0026052	0.003335	0.0015056	0.0015194	TRUE
SRR2105159	2688205	546872	0.120230041979685	0.17213754159374	2.26917217994907e-05	0.0351837006478301	0.259552005892408	0.018886952445963	0.00412394144047794	0.244617504989389	0.000202365518998737	0.00415853701633618	3.42235804189041e-05	0.0963631865873324	0.0020467189072262	0.0154050751337789	0.00271259074363748	0.00381109327599644	0.00300646714071286	0.00174279863328876	0.00592030741703107	0.00539542185212809	0.00198161970534241	0.0024652137764791	TRUE
SRR2105160	5e+06	1027129	0.129691	0.1711946	2.98e-05	0.0342862	0.2687418	0.0191044	0.0041848	0.2311726	0.0002014	0.0044056	3.86e-05	0.0910692	0.0021324	0.0155042	0.0028112	0.0040756	0.0031076	0.0018924	0.0061396	0.0054618	0.0021804	0.0025748	TRUE
SRR2105161	2461620	473388	0.125120449135122	0.215891567341832	3.41238696468179e-05	0.0203150770630723	0.249538921523225	0.0210463028412184	0.00555528473119328	0.211053696346309	0.000193774831208716	0.00553944150600011	2.88427945824295e-05	0.0891530780542895	0.00253491603090648	0.0196427555837213	0.00362322373071392	0.00534363549207433	0.00379831168092557	0.00233423517845971	0.00775261819452231	0.00651765910254223	0.00240126420812311	0.00258082076031231	TRUE
SRR2105162	5e+06	977299	0.1340884	0.2151342	4.82e-05	0.019974	0.2570296	0.0211998	0.005589	0.198958	0.0001808	0.0057386	5.52e-05	0.0839476	0.0025944	0.0196716	0.0037978	0.0055402	0.0039388	0.0025512	0.0079466	0.006644	0.0025474	0.0028246	TRUE
SRR2105163	3307615	696190	0.16414153400562	0.158833782045371	4.50475644837746e-05	0.0374414797369101	0.277505392858601	0.0181097255877725	0.00533828755765106	0.183313958849503	0.00012607271402506	0.0028071586324285	3.20472606394638e-05	0.0902647375828202	0.00256680417763252	0.0233177077743329	0.00376494845984191	0.00551424515852057	0.00389011417592434	0.00243710347183696	0.00813244588623525	0.00685085779330424	0.00269015589782971	0.00287639280871565	TRUE
SRR2105164	5e+06	1068426	0.1741526	0.1580934	3.94e-05	0.035877	0.2852592	0.0183014	0.0054316	0.171658	0.0001414	0.0028916	4.44e-05	0.0845984	0.002598	0.0233426	0.0039268	0.0057374	0.0041516	0.0024824	0.0084692	0.0068126	0.0028848	0.0031062	TRUE
SRR2105165	3381727	701575	0.120092780996219	0.200512933184731	3.51891208249513e-05	0.0315182153970442	0.264596757810432	0.0193170530915121	0.00555928967654692	0.230869020473858	0.00016411732821721	0.00334296647837037	4.46517415509886e-05	0.0731507895226315	0.00241740388860485	0.0162984770799062	0.00333379956454202	0.00500543065717605	0.0035118151169506	0.00214062223236825	0.00706946480304294	0.00616933300647864	0.00209005635286349	0.00275983247612832	TRUE
SRR2105166	5e+06	1048097	0.1288532	0.1992898	4.36e-05	0.0307154	0.2713658	0.019544	0.0056564	0.2187588	0.0001506	0.0034574	5.3e-05	0.0698026	0.0024914	0.0164422	0.0034078	0.0051844	0.0036892	0.0022884	0.0072854	0.0062902	0.0023064	0.002924	TRUE
SRR2105167	5e+06	858228	0.1087384	0.1737336	2.06e-05	0.0578368	0.1814532	0.0280692	0.0037794	0.2710716	0.0001432	0.0029256	2.86e-05	0.1410316	0.0015788	0.0073908	0.002408	0.003472	0.002275	0.0016498	0.0045306	0.004394	0.0017016	0.0017676	TRUE
SRR2105168	5e+06	874987	0.1180756	0.1760614	2.24e-05	0.0548842	0.1898758	0.0286164	0.0039322	0.2578894	0.0001546	0.0030592	3.88e-05	0.1344314	0.0016304	0.0075706	0.0025882	0.003736	0.002497	0.0017376	0.004866	0.0044836	0.0018718	0.0019774	TRUE
SRR2105169	3701372	630938	0.110722996769846	0.178107469338397	1.64803753851275e-05	0.0192258438222367	0.17935619548643	0.0289022557041011	0.00328932082481847	0.28722484527359	0.000129681642374773	0.00283057201491771	2.45854780335508e-05	0.15403207243152	0.0014378452098303	0.0149295990783958	0.00200628307557306	0.00296943944029403	0.00195549109897627	0.00161804865871358	0.00399392441505474	0.0040901049664827	0.00156725668211679	0.00156968821291132	TRUE
SRR2105170	5e+06	871549	0.1197206	0.1811236	2.18e-05	0.0180216	0.1878822	0.0294626	0.003401	0.2725746	0.0001366	0.0029354	4.04e-05	0.147001	0.001462	0.0150864	0.0021792	0.0031514	0.0021998	0.0016818	0.0041842	0.0042356	0.0017598	0.0017384	TRUE
SRR2105171	4201683	768939	0.105795225389445	0.155019310119302	1.38039923525882e-05	0.00797013958454267	0.219030326657199	0.0281337264139156	0.00213890481504673	0.30980918836571	0.000126853929722923	0.00221934877048078	2.16579880014746e-05	0.143702654388729	0.00118619134285	0.00896259903472013	0.00147821718106768	0.00197992090312382	0.00144870519741732	0.00135778924778476	0.00304639831229534	0.00377229791014696	0.001414433216404	0.00137230723974179	TRUE
SRR2105172	5e+06	932485	0.1147594	0.1580938	1.8e-05	0.0075054	0.2285374	0.0288764	0.0022202	0.292958	0.000141	0.0023076	3.26e-05	0.1371494	0.0012372	0.0091952	0.0016038	0.0021436	0.0016046	0.0014202	0.0033442	0.0037962	0.00154	0.0015158	TRUE
SRR2105173	4147857	762927	0.110124818671425	0.167481183657007	1.83227145969593e-05	0.00952298982341966	0.213120172657833	0.0281157233723342	0.0037884623312713	0.290299545042175	0.000136456006077355	0.00256035827657511	1.85638029469193e-05	0.136614401123279	0.00172619258571354	0.0128767698597131	0.00244873437054363	0.00362476334164847	0.00257168942902323	0.00188290001318753	0.00503802324911394	0.00434055465267968	0.00188916831028649	0.00180020670915126	TRUE
SRR2105174	5e+06	936728	0.1193336	0.1701258	2.54e-05	0.0092834	0.2225652	0.0286594	0.0039064	0.2743542	0.0001346	0.0027162	3.7e-05	0.1295056	0.0017608	0.0128858	0.0026338	0.0038018	0.0026566	0.0019748	0.0052412	0.004417	0.002018	0.0019634	TRUE
SRR2105175	2836603	527718	0.153067595289154	0.209665575337825	1.65691145359432e-05	0.0137072406677988	0.221591107391482	0.0174151969803318	0.00416061042028088	0.214269321438354	0.000140308672027774	0.00455368622256974	5.07649466633152e-05	0.116258778546028	0.00184939520969272	0.0140439109737951	0.00234928892058564	0.0036378019765191	0.00257173809658948	0.00198371079773941	0.00550834924732153	0.00607064153848811	0.00472431284885477	0.00236409536336244	TRUE
SRR2105176	5e+06	970768	0.121872	0.2238658	3.18e-05	0.0158224	0.2498628	0.0184918	0.004132	0.2128786	0.0001684	0.005197	5.58e-05	0.1059494	0.001812	0.014416	0.002393	0.003503	0.0025584	0.0018348	0.0052828	0.0057756	0.0018226	0.002274	TRUE
SRR2105177	2582522	393296	0.204879958428234	0.1914016608571	2.67180686166468e-05	0.0580947616322339	0.164758712607289	0.0162279353283341	0.00319339002726792	0.20882764987094	0.000132428687925989	0.00395775912073547	3.8334620189102e-05	0.105946048087877	0.00141954260215402	0.0133203124697486	0.00212582893775929	0.00295176575456085	0.00238797578491103	0.00195777615834444	0.00504661722146026	0.00634224994017476	0.00464429731866757	0.0023182764754763	TRUE
SRR2105178	5e+06	791692	0.175751	0.2062526	3.36e-05	0.0636814	0.185535	0.0171518	0.0031826	0.207635	0.0001524	0.004506	4.14e-05	0.0961488	0.0014658	0.0134676	0.0021634	0.0029966	0.0025132	0.0018602	0.0048318	0.006235	0.002052	0.0023428	TRUE
SRR2105179	2892890	576491	0.156821379312729	0.230408691654366	3.83699345637062e-05	0.0148187452685723	0.226468341347234	0.0186007763862435	0.00635558213412885	0.198971962293762	0.000163158640667291	0.00348924431969415	6.42955660256698e-05	0.0915402936164182	0.00269972242290581	0.0114470304781723	0.00353452775598104	0.00553149272872456	0.00371047637483624	0.00249128034595163	0.00790800894607123	0.00722875740176778	0.00492690700303157	0.0027809560681533	TRUE
SRR2105180	5e+06	1035705	0.1247588	0.2437372	4.98e-05	0.0163782	0.2540552	0.019368	0.0060322	0.1992582	0.0001866	0.0039234	6.42e-05	0.0831418	0.0026548	0.0116354	0.0034754	0.0054634	0.0036952	0.0024758	0.0075006	0.0070844	0.0023316	0.0027298	TRUE
SRR2105181	3521964	669782	0.12613331652453	0.244720275391798	1.47644893587782e-05	0.0196086615308958	0.263773281044326	0.0157920410316517	0.00550800632828729	0.205399884836983	0.000203295661170869	0.00402133582285339	5.84900924597753e-05	0.0739882633666897	0.00217009600325273	0.01389707560895	0.00182568589571046	0.00320616565075623	0.0025764033931068	0.00159030586343302	0.00501311200228055	0.00434473492630816	0.0045045889168657	0.00165021561833114	TRUE
SRR2105182	5e+06	977691	0.0919684	0.2579302	3.94e-05	0.0210912	0.2956884	0.0161872	0.004946	0.2035026	0.0002254	0.0046794	6.08e-05	0.0681266	0.0020292	0.0142568	0.001669	0.0029292	0.0022954	0.0014922	0.0043286	0.003985	0.0011828	0.0013862	TRUE
SRR2105183	3978600	687127	0.142443824460866	0.174811742824109	2.03589202231941e-05	0.00460865631126527	0.167342281204444	0.0287065802040919	0.00350751520635399	0.27832152013271	0.000146031267279948	0.00294827326195144	3.59422912582315e-05	0.158646508822199	0.0015407429749158	0.0112167596642035	0.00215377268385864	0.00318177248278289	0.00212210325240034	0.00179133363494697	0.00447921379379681	0.00440808324536269	0.00566455537123611	0.00190242798974514	TRUE
SRR2105184	5e+06	907899	0.1121108	0.1890992	2.84e-05	0.004841	0.1907476	0.0308688	0.0035136	0.2825312	0.0001598	0.0032678	4.5e-05	0.1482352	0.0014846	0.0116876	0.0021878	0.0031128	0.0021634	0.0017674	0.0042132	0.0043446	0.0017518	0.0018384	TRUE
SRR2105185	3255568	627644	0.169255871786429	0.172559442776191	4.8839403753815e-05	0.0119803978906292	0.188281737626122	0.024503865377716	0.00727215650233692	0.228063735729065	0.000138531893666482	0.00259002422925892	4.42319128336438e-05	0.119645174052577	0.00318561922220639	0.0227957149105778	0.00508421264737828	0.00750560270895893	0.00524670349382965	0.00356589080615118	0.0103404382891096	0.00771048247187588	0.00675611751927774	0.00342520875005529	TRUE
SRR2105186	5e+06	1003368	0.1419412	0.184916	5.66e-05	0.012312	0.212637	0.0259786	0.0072764	0.227566	0.0001546	0.0029326	5.48e-05	0.1108038	0.0032004	0.0232566	0.0052834	0.0076324	0.0054458	0.0036548	0.0102932	0.0077014	0.003504	0.0033984	TRUE
SRR2105187	3456201	640569	0.136447793400905	0.19195816447018	3.84815582195596e-05	0.00464295913345318	0.219330704435303	0.0220131873117333	0.00468983140737474	0.264009529538357	0.000175915694717987	0.00259417782704189	4.39789236794967e-05	0.107772956491824	0.00208899887477609	0.0136071368534411	0.00258781245650933	0.00380330889320384	0.00290145162274995	0.00220270753928953	0.0057065546824389	0.00517302089780079	0.00613129849797509	0.00208002948902567	TRUE
SRR2105188	5e+06	969149	0.1071894	0.2060608	6.06e-05	0.0046902	0.2466552	0.023356	0.0043076	0.2609656	0.0001976	0.0028872	3.44e-05	0.101628	0.0019704	0.013902	0.0026176	0.0037744	0.0029294	0.0021478	0.0053668	0.0050502	0.0021954	0.0020134	TRUE
SRR2105189	3277739	618917	0.116256358422681	0.169013457142256	7.0170321676009e-06	0.00953584162741451	0.239120930617111	0.0249690411591649	0.00285928806411981	0.289794580959619	0.000153154354266767	0.00287271195174478	4.02716628749269e-05	0.114982309451729	0.00127313370588689	0.0116479683098624	0.00104492761626231	0.00180581797391434	0.00135459229670209	0.00109465701814574	0.00281749095946932	0.00287027124490388	0.00510626379952766	0.00137991463017647	TRUE
SRR2105190	5e+06	989850	0.08195	0.1819242	1.9e-05	0.0100776	0.2726214	0.0269912	0.0025538	0.289285	0.000159	0.0032588	3.76e-05	0.105856	0.0011798	0.0120598	0.0009728	0.0016502	0.0012644	0.0009438	0.0022658	0.0025558	0.0011632	0.0012108	TRUE
SRR2105191	952480	176856	0.158802284562405	0.280556022173694	5.24945405677809e-05	0.0747217789349908	0.22403934990761	0.0164486393415085	0.00866579875692928	0.122168444481774	0.00023727532336637	0.00602112380312447	7.24424659835377e-05	0.0510782378632622	0.00355178061481606	0.00855451033092558	0.00422371073408366	0.00693872837224929	0.00499958004367546	0.00317591970435075	0.00972093902234168	0.0085398118595666	0.00444838736771376	0.00298273979506131	TRUE
SRR2105192	5e+06	945340	0.1252226	0.2953136	6.32e-05	0.079141	0.2461498	0.0167628	0.007957	0.1207438	0.000274	0.006927	7.2e-05	0.047833	0.0033044	0.0085528	0.0041068	0.006698	0.004843	0.0029328	0.009411	0.0081644	0.0026678	0.0028592	TRUE
SRR2105193	2892354	558220	0.219303031371679	0.194976825105087	4.97864369299194e-05	0.00377443424974951	0.231600972771659	0.0182992814849081	0.00672912098588209	0.169671139839729	0.000191885225667398	0.00557538945786028	5.67012198368526e-05	0.0751384512407541	0.00286410308005175	0.0217203703281134	0.00489946942870755	0.00673880168195179	0.00519265622396152	0.00356387911023339	0.0105194592363175	0.00956729363003284	0.0060082548678343	0.00355869302305319	TRUE
SRR2105194	5e+06	996783	0.192769	0.2051536	7.28e-05	0.0041122	0.257454	0.0189646	0.0066318	0.1683246	0.0002146	0.0063312	5.42e-05	0.0676974	0.002854	0.0215484	0.0050928	0.0068038	0.005341	0.0035056	0.0103036	0.009516	0.003752	0.0035028	TRUE
SRR2105195	3553619	691457	0.126938481587362	0.195084785397647	1.23817437941434e-05	0.00837427985386166	0.229236448814575	0.0170316513953803	0.00317282184724924	0.254772951180191	0.000154490394158744	0.00270906926150496	3.96778607948686e-05	0.125609976758904	0.00130571116374603	0.0145012732090863	0.00126518909314701	0.00216680516397509	0.00158345618931011	0.00126209365719848	0.003344759244027	0.00514686577261096	0.00442816182601455	0.00185866858546175	TRUE
SRR2105196	5e+06	1016071	0.093041	0.207173	2.42e-05	0.0091348	0.2593974	0.0181048	0.002962	0.2588336	0.00016	0.0030968	4.8e-05	0.1150792	0.0013212	0.0149208	0.001262	0.0020146	0.0015536	0.001195	0.0029188	0.0049206	0.0011082	0.0017304	TRUE
SRR2105197	3357859	654308	0.130097779567278	0.22457137122196	3.42480133918667e-05	0.0285208521263102	0.264215680289137	0.0157555752043192	0.00556217518365125	0.213589671275655	0.000251350637415091	0.00407074865263848	5.6881483111709e-05	0.0681356781210885	0.00235268961561519	0.0142567034530038	0.00233273642520427	0.00357549259811088	0.00283603331765866	0.00185564670821497	0.00579595510115225	0.00525781457768179	0.00493260735486511	0.00194230907253699	TRUE
SRR2105198	4954733	995100	0.0967093484149398	0.237003487372579	4.48056434120668e-05	0.0315724379093687	0.294772896945204	0.0163211620081244	0.00495506014148492	0.210689657747451	0.000256926054340365	0.0045310211468509	6.47865384471777e-05	0.0624556358536373	0.00220415509776208	0.0144465907648303	0.00231233448906329	0.00337071644425643	0.00270791584531397	0.00177345580478302	0.00536436574887083	0.00491429104252439	0.0017544840458608	0.00177446494089591	TRUE
SRR2105199	3782050	684085	0.140188522097804	0.1853510662207	2.40610251054322e-05	0.00644015811530784	0.174217421768618	0.0259303816713158	0.00398910643698523	0.288601419864888	0.000166576327652992	0.00270223820414854	3.91322166549887e-05	0.135411218783464	0.0016414378445552	0.00871432159807512	0.00215227191602438	0.00338176385822504	0.00226332280112637	0.00176597347999101	0.00466255073306805	0.00457529646620219	0.00577491043217303	0.00200684813791462	TRUE
SRR2105200	5e+06	948465	0.1102278	0.1984982	2.98e-05	0.007297	0.1977474	0.027454	0.0038746	0.29287	0.00017	0.0030954	4.62e-05	0.126096	0.0015926	0.0089058	0.0021474	0.0033442	0.0022884	0.0017226	0.0044002	0.004421	0.0017886	0.0019828	TRUE
SRR2105201	3547286	615478	0.156660613212467	0.224858384691846	2.73448489915953e-05	0.0330706348459075	0.195899907704087	0.0212962811569183	0.00575228498632476	0.213237951493057	0.000174781509018444	0.00341415944471351	4.28496602754895e-05	0.0993720269524363	0.00243340965459227	0.00856034726266785	0.00312520614351366	0.00497422536553297	0.00351057118033336	0.00264568461635177	0.00705440722851216	0.0059701980612784	0.00555523293018945	0.00236349705098489	TRUE
SRR2105202	5e+06	900620	0.1260754	0.2397184	4.02e-05	0.0339256	0.2207134	0.0223228	0.0054398	0.2121474	0.0001942	0.0038828	4.08e-05	0.0934082	0.002337	0.0085548	0.0031552	0.004987	0.003522	0.0024758	0.006708	0.0057254	0.0023458	0.00228	TRUE
SRR2105203	5e+06	911126	0.1413174	0.1390978	1.54e-05	0.0058168	0.2099182	0.0271418	0.0027352	0.2869234	0.0001358	0.0020886	2.94e-05	0.1522134	0.0013254	0.0080718	0.001823	0.0025906	0.0018178	0.001629	0.0040002	0.0037846	0.005846	0.0016784	TRUE
SRR2105204	5e+06	960354	0.1107746	0.1499374	2.14e-05	0.0060926	0.2377438	0.0292438	0.0026974	0.2898976	0.0001492	0.0023524	3.16e-05	0.1428184	0.001321	0.0083316	0.0018468	0.0025708	0.0018516	0.001555	0.0037596	0.0036294	0.0016954	0.0016786	TRUE
SRR2105205	3250720	627391	0.138034035536743	0.153188524388443	2.7378549982773e-05	0.00554554068021854	0.25389236845991	0.024106351823596	0.00430796869616577	0.266201641482502	0.000147044347098489	0.00319713786484225	3.230053649653e-05	0.109367463208151	0.0018503593050155	0.0128802234581877	0.0022985677019245	0.00356813259831668	0.00257819806073731	0.00191342225722302	0.00514193778609047	0.00424859723384358	0.00559814441108431	0.00187466161342718	TRUE
SRR2105206	5e+06	1009818	0.1066282	0.1640196	4.56e-05	0.0056658	0.2876266	0.0260026	0.0040786	0.2631712	0.0001594	0.0035358	4.06e-05	0.101454	0.001757	0.0131626	0.0023422	0.0034954	0.0025108	0.0018354	0.004722	0.0040416	0.0019274	0.0017776	TRUE
SRR2105207	2079960	384353	0.160958383815073	0.202205330871748	3.12506009730956e-05	0.062804092386392	0.223044193157561	0.0164637781495798	0.00428085155483759	0.183508336698783	0.000166349352872171	0.00454816438777669	5.52895247985538e-05	0.0999764418546511	0.00204138541125791	0.010885305486644	0.00250004807784765	0.00367891690224812	0.00265005096251851	0.00185580491932537	0.00584001615415681	0.00573087943998923	0.00443566222427354	0.00233946806669359	TRUE
SRR2105208	5e+06	963130	0.124836	0.2136538	3.98e-05	0.0683086	0.2508538	0.017287	0.0041872	0.1853372	0.0001812	0.0052276	5.06e-05	0.0909598	0.0020242	0.0110456	0.0024996	0.0036976	0.0026646	0.0017754	0.0055102	0.005598	0.0019504	0.0023118	TRUE
SRR2105209	2589353	496746	0.151455981474909	0.210274921959269	3.08957488608158e-05	0.038553260215969	0.253255929183854	0.0172259247773479	0.00571725832669397	0.179156723706656	0.000179581540253492	0.00549751231292141	4.75022138735043e-05	0.0821278520155421	0.00259987726663765	0.019531906232947	0.00297332963099276	0.00469306425195792	0.00379129458208286	0.00239442053671323	0.00702453470036723	0.00632590457925204	0.00461350769864132	0.00252881704425777	TRUE
SRR2105210	5e+06	993137	0.1164182	0.2243148	3.56e-05	0.0421368	0.2821178	0.0180544	0.005325	0.1775786	0.0001878	0.0062112	5.18e-05	0.0746812	0.0024748	0.019795	0.002986	0.004541	0.0037722	0.002175	0.0066996	0.0059916	0.0020192	0.0024324	TRUE
SRR2105211	3035698	600844	0.160486649198965	0.19681338525769	2.86589772763957e-05	0.0389778561635578	0.239699732977391	0.0197312117345006	0.00581876062770407	0.2027622642305	0.000144612540509629	0.00322594671802004	4.8753202723064e-05	0.0855546236812753	0.00247850741411036	0.00911915480393636	0.0032875470484877	0.00518562781936807	0.00349244226533733	0.00223869436287799	0.00730573331075753	0.00611655046055306	0.00476266084439229	0.00272062636006612	TRUE
SRR2105212	4813346	993800	0.12600610884819	0.207027502282196	4.13433815063368e-05	0.0424546666705448	0.269952336690527	0.0205538932792282	0.00564679954443333	0.203016155497652	0.000171813952290153	0.00360746973103533	5.25621885482573e-05	0.0779711244527196	0.0024515170943456	0.00917469884774541	0.00330622398639117	0.00512928013070326	0.00348323183083036	0.00221903848175469	0.00699638048043918	0.00589943045856251	0.00216149015674335	0.00267693201361381	TRUE
SRR2105213	3710822	746189	0.176075273888104	0.173200978112127	2.53313147329621e-05	0.00230541912277118	0.217074006783403	0.0167316028631931	0.00556507426117448	0.213274848537602	0.000162497689191236	0.00215774294751944	4.2039203173852e-05	0.13578959055433	0.00219520095547563	0.0156062457320777	0.00356336143312722	0.00553893450022663	0.00370969019802082	0.00266356079596381	0.00773629131227529	0.00731185704946236	0.00591108924114388	0.00335936350490538	TRUE
SRR2105214	5e+06	1050646	0.1468516	0.1837562	4.1e-05	0.0026904	0.2437772	0.0175558	0.0053962	0.2190444	0.0001844	0.0024186	5.88e-05	0.1238872	0.0021898	0.0157928	0.003658	0.0056608	0.0038142	0.0026888	0.00747	0.0071452	0.0025306	0.003388	TRUE
SRR2105215	3741475	656436	0.157719883201144	0.15884911699263	2.27183129648067e-05	0.0417070807636026	0.185476316158734	0.0259020840711217	0.0042643609806293	0.238032059548707	0.000121342518659085	0.00262997881851409	3.02019925296841e-05	0.14330685090773	0.00182281052258802	0.00989155346487682	0.00285555830254111	0.00415023486726492	0.00264307525775262	0.00207217741666054	0.00576804602462932	0.00489913737229301	0.00566808544758417	0.00216732705684256	TRUE
SRR2105216	5e+06	922567	0.1259218	0.1709594	2.86e-05	0.0430248	0.2114298	0.0275144	0.004242	0.2414992	0.0001418	0.0029878	3.88e-05	0.1337794	0.0018114	0.010092	0.0029502	0.0041886	0.0027514	0.0019654	0.0055882	0.0047748	0.002144	0.0021662	TRUE
SRR2105217	4040928	719529	0.160115696196517	0.153247471867848	2.47467908361644e-05	0.00820554090545538	0.21099831523848	0.0240246794795651	0.00283053793584048	0.258313931849318	0.000260336239596449	0.00260113518478924	3.01910848201205e-05	0.142319289034598	0.0013071254919662	0.0112224221762922	0.00197182429382558	0.00266349709769637	0.00189733645340872	0.00183720175167684	0.00426486193270457	0.00430618907340096	0.0056491974120796	0.001908472509285	TRUE
SRR2105218	5e+06	947128	0.1298928	0.1651708	3.34e-05	0.0082422	0.2409676	0.02573	0.0027988	0.2583686	0.0002886	0.0029016	3.58e-05	0.1321128	0.001288	0.0114368	0.0020316	0.0027286	0.0020276	0.0018098	0.004099	0.004219	0.0019434	0.0018732	TRUE
SRR2105219	4100205	770244	0.145528577229675	0.166899703795298	2.39012439621921e-05	0.0177661848614886	0.222454487031746	0.0244153645976238	0.00408955161997998	0.262285178424006	0.000142675793039616	0.00263913633586613	3.5607975698776e-05	0.115096928080425	0.00184210301680038	0.00928904774273481	0.00236646704250153	0.00358104046017211	0.00248719271353505	0.00188356435836745	0.00527754100099873	0.00439856055977689	0.00557216041636943	0.00192502569993452	TRUE
SRR2105220	5e+06	987441	0.1139658	0.1798896	3e-05	0.0181654	0.2519188	0.0263062	0.0038824	0.2611934	0.000171	0.0029642	3.46e-05	0.1068462	0.0017904	0.0095308	0.0023594	0.0035254	0.0025376	0.0018452	0.0049446	0.0042426	0.0019268	0.0019296	TRUE
SRR2105221	3700323	647262	0.146051574416612	0.222929457779767	3.08081213450826e-05	0.00410666852596381	0.19791677645438	0.0230225847851661	0.00477363732841701	0.23745954069415	0.000172417380861076	0.00304486932627233	4.02667550913799e-05	0.116905470144093	0.00214846109380181	0.0116978977240635	0.0024135730853766	0.0037426462500706	0.00274327403310468	0.002500862762521	0.0056835578948108	0.00520008658703578	0.00548276461271084	0.00193280424438623	TRUE
SRR2105222	5e+06	904267	0.1173586	0.2389362	4.28e-05	0.0044148	0.2221968	0.0244738	0.004273	0.235355	0.0001982	0.0034288	4.12e-05	0.1102032	0.0020936	0.0117254	0.0024012	0.0036646	0.002728	0.0023528	0.0053842	0.0049006	0.0019696	0.0018576	TRUE
SRR2105223	3272173	715021	0.113707618759766	0.25736933835711	5.01195994221577e-05	0.00564089979350114	0.307836413294774	0.0199106220850792	0.0070512775455332	0.177955138680015	0.00018947653440084	0.00715335038825881	5.43981018118541e-05	0.0529061269071042	0.00283114615272481	0.0108264446898132	0.00373452137157785	0.00625058638403287	0.00413425573770091	0.00249772857364204	0.00841734223710055	0.00643120030634077	0.0023094744684954	0.00274252003179538	TRUE
SRR2105224	5e+06	1106578	0.1178046	0.255199	4.8e-05	0.0055656	0.3167248	0.0201652	0.0070938	0.1679634	0.000217	0.007353	6.4e-05	0.0507282	0.0029094	0.0110846	0.0038678	0.0063524	0.0042086	0.002592	0.0084448	0.0063872	0.0023668	0.0028598	TRUE
SRR2105225	3814904	777002	0.158385112705326	0.220267403845549	4.24650266428723e-05	0.00781435129167077	0.285245972113584	0.0188112204134101	0.00654511882867826	0.180567322270757	0.000254528030063142	0.0063679190878722	4.42999352015149e-05	0.058851022201345	0.00274816876125847	0.0116556012942921	0.00415528149594328	0.00604759647949201	0.00506749317938276	0.00313507233733798	0.00961911492399285	0.00861830337015034	0.00282916686763284	0.00292746554041727	TRUE
SRR2105226	5e+06	1034764	0.163942	0.218291	5.48e-05	0.0076984	0.293532	0.0191332	0.0065702	0.169973	0.000252	0.0066502	5.68e-05	0.055789	0.0027866	0.0118198	0.0042194	0.0062562	0.0051942	0.003292	0.009637	0.0086362	0.0030698	0.0031462	TRUE
SRR2105227	3433739	721905	0.116578458642314	0.20864981292987	2.18420794358569e-05	0.010506331436373	0.266492298919632	0.0197181556315142	0.00415814946913554	0.224911677911455	0.000164834892809267	0.00332057852970188	3.90245152587311e-05	0.106462663586254	0.00187142936606422	0.0111420815618193	0.00257998642296342	0.00376703063337079	0.00264958984943235	0.0018606539402092	0.00564137227669313	0.00544188128451231	0.00181405750407937	0.00220808861710223	TRUE
SRR2105228	5e+06	1064781	0.1198968	0.2073904	3.04e-05	0.0101434	0.2773312	0.020317	0.0042696	0.2158532	0.0001742	0.0034068	5e-05	0.1010456	0.001922	0.0115364	0.00267	0.0039194	0.0027028	0.0019398	0.0057312	0.0053818	0.0019474	0.0023406	TRUE
SRR2105229	4356994	896666	0.0825862968826673	0.237627134671289	1.69841868040213e-05	0.0196059485048637	0.31570734318202	0.0160232031533667	0.00391600263851637	0.207769622817934	0.000196006696359922	0.00388387039321147	3.76406302143175e-05	0.0803960253330622	0.00166353224264252	0.0140427092623951	0.00142804878776514	0.00235781825726636	0.00200252743060927	0.0012033525866687	0.00387055846301372	0.00350930021937143	0.00100114895728569	0.00115492470267345	TRUE
SRR2105230	5e+06	1045733	0.0854324	0.2356576	2.44e-05	0.0188062	0.3266832	0.016486	0.0039866	0.1984178	0.0002192	0.0040802	5.14e-05	0.0770484	0.0017196	0.0146314	0.0014284	0.002408	0.0020362	0.0012328	0.003749	0.0034474	0.0011238	0.00133	TRUE
SRR2105231	5e+06	830265	0.1096998	0.1563764	1.9e-05	0.048739	0.1920226	0.025302	0.0029716	0.2837774	0.000119	0.0023448	2.66e-05	0.1472056	0.001256	0.0114642	0.0018524	0.0027296	0.0018074	0.0017076	0.0039482	0.0036608	0.0015278	0.0014422	TRUE
SRR2105232	5e+06	851340	0.1148862	0.1595416	2.38e-05	0.045334	0.2024184	0.0263146	0.0030214	0.273195	0.0001376	0.0024028	3.52e-05	0.140182	0.0013318	0.0118868	0.0019172	0.0028174	0.0019462	0.0017416	0.0038836	0.0037002	0.00167	0.0016126	TRUE
SRR2105233	4130438	918660	0.105539412527194	0.154110290482511	1.5736829847101e-05	0.0214938464153196	0.303051153412786	0.0218812145346329	0.00302001870019596	0.237823930537149	0.000142599888922192	0.00238376656422394	2.51789277553615e-05	0.12261024133518	0.00136208314953523	0.00796549905845336	0.00188696695120469	0.00283311358262731	0.00193732480671541	0.00158796718410977	0.00411481784740505	0.00334540792041909	0.00148821989338661	0.00138120945042632	TRUE
SRR2105234	5e+06	1139064	0.110194	0.1552986	1.9e-05	0.0197542	0.315004	0.0227276	0.003165	0.2263098	0.0001366	0.0025322	3.4e-05	0.1160158	0.0013948	0.0081798	0.0019928	0.0029518	0.0020196	0.0015996	0.0041106	0.0033722	0.0016762	0.0015118	TRUE
SRR2105235	5e+06	886091	0.1103632	0.1979926	2.62e-05	0.0383564	0.1945564	0.024192	0.003975	0.2921024	0.0001532	0.0024838	2.58e-05	0.102438	0.0017952	0.0079174	0.0023418	0.0036574	0.002494	0.0018332	0.0051306	0.0045176	0.0017894	0.0018584	TRUE
SRR2105236	5e+06	905974	0.1158696	0.2005452	3.06e-05	0.0346804	0.2036344	0.0253914	0.0041102	0.2795034	0.0001638	0.0026224	3.66e-05	0.0987918	0.0018372	0.008137	0.0025052	0.0037922	0.002656	0.001899	0.0051724	0.0045812	0.0019912	0.0020488	TRUE
SRR2105237	3527896	609736	0.0752930358491293	0.177891298382946	1.81411243415339e-05	0.0246716456494182	0.22302528192441	0.0226205647785536	0.00247626347261937	0.332233716640173	0.000143995174460925	0.00262195937748732	2.23929503590809e-05	0.115749160406089	0.00125428867517637	0.0088985049445902	0.00102157206448263	0.00157742745250994	0.00120723513391551	0.00132288480159279	0.00271379881946633	0.0033408014295206	0.00091697714445097	0.000979053804307156	TRUE
SRR2105238	5e+06	883378	0.0795948	0.1804236	2.92e-05	0.0233248	0.2338988	0.0234786	0.0025806	0.317809	0.0001508	0.0027448	2.96e-05	0.1122144	0.0012638	0.0092766	0.0010608	0.0015898	0.001296	0.001305	0.0025106	0.0032642	0.0010588	0.0010954	TRUE
SRR2105239	1216065	255209	0.110930747945217	0.257112901037362	5.42734146612229e-05	0.0108004095175834	0.267067138680909	0.0198903841488736	0.00640344060555974	0.192039076858556	0.00020640344060556	0.00669289881708626	4.27608721573271e-05	0.0829618482564665	0.00274327441378545	0.0102149144988138	0.00333041408148413	0.00520942548301283	0.00374239863823069	0.00233375683043258	0.00755387253148475	0.00628009193587514	0.00207965857088231	0.00230990942096023	TRUE
